id	B cells naive	B cells memory	Plasma cells	T cells CD8	T cells CD4 naive	T cells CD4 memory resting	T cells CD4 memory activated	T cells follicular helper	T cells regulatory (Tregs)	T cells gamma delta	NK cells resting	NK cells activated	Monocytes	Macrophages M0	Macrophages M1	Macrophages M2	Dendritic cells resting	Dendritic cells activated	Mast cells resting	Mast cells activated	Eosinophils	Neutrophils	P-value	Correlation	RMSE
TCGA-06-0878-01A	0.00406556550039814	0.00570669175738633	0	0.0198320946213582	0	0.162500798956298	0	0.035509378215831	0	0	0.040949371450028	0	0.0869483048334968	0.265183436563056	0.0517567566520055	0.247576127223936	0	0	0	0	0.028157180179973	0.0518142940462319	0	0.386796199800156	0.925755214886174
TCGA-26-5135-01A	0	0.0171843758590764	0	0.0556350038848945	0	0.0921492666028191	0	0.0289283737937563	0	0	0.00496166246321318	0.0467416833685471	0.215609156500902	0.114706363048522	0.0812176956187391	0.317264682644693	0	0	0	0	0.0216746430254446	0.00392709318939276	0	0.310065597134126	0.961165336140436
TCGA-06-5859-01A	0	0.0160241219410743	0	0	0	0.299779420777395	0	0.0155826298576426	0	0	0	0.0210834611279772	0.177846105244095	0	0.0822217543636984	0.33219624958786	0	0.00389052528963481	0	0.0247452083780477	0.000129684678194961	0.0265008387543799	0	0.314836116149351	0.956272014897795
TCGA-06-2563-01A	0.0151778653897541	0	0	0.00510083268718397	0	0.250254484900608	0	0.0102704317526744	0.00937850981085648	0	0	0.063305898752419	0.0411581933520969	0.0228548845922192	0.120380651458714	0.380073046558103	0	0	0.0222828566462942	0	0	0.0597623440990774	0	0.293786109158519	0.967990103573192
TCGA-41-2571-01A	0	0.000687542074129177	0.00261127795155128	0.0101307020753822	0	0.10417025960753	0	0.00824438813126315	0	0	0.0528162054844929	0.0443056370195286	0.173086655074229	0.130531602798893	0.00343117076742849	0.264307523725412	0	0	0	0.125717713675708	0.0600846417591299	0.0198746798553219	0	0.253292919838462	0.988625127184503
TCGA-28-5207-01A	0	0.00343860150307733	0	0.0166455593674142	0	0.184847871885869	0	0.0417265649493507	0	0	0	0.0840784927066862	0.208377383270412	0.00989649441368829	0.0690292342146157	0.275728417769279	0	0.0108619626912504	0	0.00497240495203972	0.0858190423173413	0.00457796995897574	0	0.26568717681152	0.977135745787912
TCGA-14-0871-01A	0.0355779265560688	0	0	0.160255988120055	0	0.13698463208788	0	0.0508280545016004	0	0	0	0.0330850899668389	0.0208306861389749	0.131169079548698	0.0558967988535591	0.31388267758266	0	0	0	0.0238445742927446	0.010166596575791	0.0274778957751286	0.15	0.113214259132927	1.04606634169608
TCGA-16-1045-01B	0.0277162846752635	0	0.00152311810243159	0.01982228516909	0	0.174998028726561	0	0.00309873203917786	0	0	0.0209130970319599	0.00014383456477694	0.149306820329299	0.13879871276964	0.0527782138713157	0.331082141785403	0	0	0.0144814544592469	0	0.0213851482683839	0.0439521282074513	0	0.45648482766234	0.889221582582236
TCGA-32-2632-01A	0.0237463255181425	0.010828821875174	0	0.131141170491939	0	0.157987894018155	0	0.0112150718178327	0.0362217010156063	0	0	0.0304747376951807	0.152687112483628	0	0.0846721814614511	0.321697561614123	0	0	0.0120279928519958	0	0.0117875077417665	0.0155119214150059	0	0.377839472331723	0.926473743531663
TCGA-28-2514-01A	0.00158449240283894	0.00657331953756787	0	0	0	0.153911888622146	0	0.014470231994704	0	0	0.0154277894359889	0.0574631066284057	0.130887073452658	0.0946355054583317	0.0832860423007771	0.302976699018436	0	0	0.0583105622024558	0	0.0195916621127042	0.0608816268329862	0	0.199043574994049	1.00735437078096
TCGA-06-0141-01A	0.0286855741098526	0	0.00093948425570485	0.0387433224184575	0	0.159284169229095	0	0.0132889204407947	0	0	0.0378621002061241	0	0.0950156796742909	0.160862428057963	0.0378411858194053	0.325845238416717	0	0.00735348708545929	0.00460201241707857	0	0	0.0896763978690566	0	0.518397577212882	0.856432524387771
TCGA-06-2569-01A	0.0218855612962515	0	0.000332259406859952	0.131338605812906	0	0.134635658454072	0	0.0638787138801467	0	0	0	0.0754054776124186	0.0325178267218221	0.0915845510409717	0.0420836405875781	0.392399153282108	0	0	0.00245497717999585	0	0	0.0114835747248695	0.18	0.106028118515645	1.05362627198217
TCGA-02-2485-01A	0.0122884523176675	0	0	0.0147828242946212	0	0.272500688350446	0	0.0792827296535342	0	0	0	0.0675305981758783	0.0868785254386617	0.0297816521224293	0.0914330741701064	0.287453623333509	0	0.0383180022323917	0	0.0192330249054419	0	0.000516805005312865	0	0.243768364455479	0.988414777293837
TCGA-06-0138-01A	0	0	0.00204307213740861	0.0374669624286163	0	0.129767054239858	0	0.0155349389894122	0	0	0.00190016253796368	0.0063192126490519	0.214293927962645	0.0750860438866821	0.0622069410015787	0.235881608602511	0	0	0	0.0791496617595466	0.102239701542898	0.0381107122618278	0	0.436383265920946	0.899085900205629
TCGA-06-2564-01A	0.0267172436383747	0	0	0.0218183031212552	0	0.213087102484353	0	0	0	0	0.0288736815428714	0.0136664293420921	0.206939346388662	0.0655566026898033	0.0425577372228768	0.281421568895798	0	0	0.00683904848228169	0	0.0585852987277877	0.033937637463844	0	0.267150900055541	0.976319030215759
TCGA-16-0846-01A	0.00977376007586815	0.00170004506758691	0	0.109830034931786	0	0.117930473871551	0	0.0622050196671405	0	0	0	0.0451101437712739	0.218346055189561	0	0.136779893900217	0.258352498883931	0	0	0.00448271890790775	0	0.0354893557331772	0	0	0.350020843524424	0.94100326991605
TCGA-76-4928-01B	0.0206842061308114	0	0	0.0481356277295891	0	0.0586685568969431	0.170468690205929	0	0	0	0.0604364144526788	0	0.219141392147872	0.119616657793739	0.0144904459827405	0.23958939730639	0.00485422266154006	0	0.0098703426109942	0	0	0.0340440460807721	0	0.319071532494919	0.952735294011485
TCGA-76-4931-01A	0	0.0265216878939476	0	0.0454465058556932	0	0.131260009454522	0	0.0156067340025575	0	0	0.0719736714216684	0	0.228812746250386	0.13632923743774	0.0494406664054921	0.258192178514341	0	0	0	0	0.0220354868085681	0.0143810759550844	0	0.20009986428781	1.00820079657938
TCGA-14-0817-01A	0	0.0219422808334425	0	0.00618214257731069	0	0.152243117990712	0	0.0432258633179529	0	0.0115354517748045	0	0.0959441463158146	0.113511701764925	0.0925332037975898	0.0786703675693293	0.298916128336035	0	0	0	0.0220431321978701	0.0220337170204529	0.0412187465037598	0	0.419246471328128	0.907306590539947
TCGA-19-2620-01A	0	0.00463586201521228	0	0.0241565058730521	0	0.0646320352438058	0	0.0347612697215014	0	0	0	0.0345646512191531	0.339879807850772	0.0409929191282176	0.0411812653829373	0.244117470456047	0	0	0	0.0651152615356133	0.102888974121203	0.00307397745248582	0	0.22628067168325	1.00175725268339
TCGA-26-5132-01A	0.00328895359366614	0.0327094813702318	0	0.0102184677548585	0	0.122465735789103	0.0372888206725267	0.0127106614854925	0.00762053143683349	0	0.031426576979991	0.00852418703144984	0.0153332884781803	0.153821185766474	0.0503307534977433	0.379782724442443	0.0140852255222005	0	0.0986938061617133	0	0	0.0216996000170925	0	0.301511737784576	0.962660177963816
TCGA-06-0125-02A	0	0	1.98838055955247e-05	0.0994474987800036	0	0.139697160458636	0	0.0338123479147115	0	0	0	0.0281387224201469	0.174046545267118	0.0498113060796537	0.107253532237364	0.260446726045286	0	0	0	0.00210950471403527	0.0836424565185454	0.0215743157589044	0	0.238743526039304	0.98991275931222
TCGA-06-2558-01A	0.0274514387225732	0	0	0.0433532311336208	0	0.0829734896846139	0	0	0	0	0	0.0474540831378437	0.226873520856228	0.074957738331186	0.0218042024735756	0.360498077061541	0	0	0	0.0101445686069805	0	0.104489649991837	0	0.351442270895863	0.945623751271649
TCGA-06-5414-01A	0	0	0	0.0141724330707868	0	0.209413338640643	0	0	0	0	0.00833302415443219	0.00805481071381871	0.154110812995559	0.135784284496387	0.0655808623876178	0.261735145006912	0	0	0.0250142360208012	0	0.0782657525893271	0.0395352999237153	0	0.370745388393887	0.930589719267812
TCGA-26-5133-01A	0.0136687490358913	0.0303540344168001	0.0184058109067962	0.159219005833365	0	0.0388179244380758	0	0.0321399965869021	0	0	0	0.0361836975749422	0.176280545845348	0.0163511732955731	0.0754514251098853	0.312844298512816	0	0	0.0709431962890903	0	0.01568342949068	0.00365671266383383	0.03	0.151302483146418	1.02034656152629
TCGA-32-4213-01A	0.0180957770759673	0	0	0	0	0.246257040241929	0	0.0172480180341887	0	0.0116760114733131	0	0.048836022085011	0.145868762221079	0.043032816329709	0.107793682354645	0.259485710640843	0	0	0.0537015382488727	0	0	0.0480046212944429	0	0.404115498004101	0.914098752428471
TCGA-06-0210-01A	0	0.0375611569041471	0	0	0	0.178109311116713	0	0	0	0.0129157099852474	0.0326305517827222	0	0.191205028887329	0.0668097979079778	0.0050368979204426	0.284663451084013	0	0.0162533893100079	0	0.0339588171813826	0	0.140855887920018	0	0.404157761999761	0.915964582670966
TCGA-41-2572-01A	0	0.0099312518110826	0	0.0935391225874853	0	0.166069042106279	0	0.0129233826835229	0	0	0.0172585660763282	0.0284911354596173	0.0985028267487414	0.00101368075431904	0.117055020990773	0.357390470190069	0	0	0.0408902444473734	0	0.0244152589101112	0.0325199972342977	0	0.245595810962978	0.986926143568051
TCGA-06-5417-01A	0	0.018204317122892	0	0.0194110447221587	0	0.043877224872027	0.0105489292790359	0.0154037947049365	0	0	0	0.0307714227166471	0.148659513632229	0	0.034645193894039	0.535447646700074	0	0.00466438291515694	0.105825862703805	0	0	0.0325406667369996	0	0.243737088869139	0.997980492720301
TCGA-19-2624-01A	0	0	0	0.0881501596132572	0	0.0289469295429552	0	0.121988270082488	0	0	0	0.0313224479067558	0.138851621549565	0.000652211644558183	0.0565596140054404	0.431310743773299	0	0	0	0.070477317766916	0.031740684114765	0	0.36	0.0798586964529864	1.0613420320206
TCGA-14-1823-01A	0	0.00107032273726317	0	0.00508727625008692	0	0.202069429197216	0	0	0.010454024848301	0	0	0.0248761259837015	0.319979829310128	0.0348520825401541	0.0538282444452649	0.216035388855864	0	0	0.0208136102738554	0	0.0774559740854188	0.0334776914727456	0	0.347307298748289	0.942606446483194
TCGA-02-0055-01A	0	0.0406663703732229	0	0	0	0.196084601607218	0.0059423799397846	0	0	0.052681989201	0.0228775785394788	0	0.193281586844182	0.0938142122694176	0.0378229860580342	0.203884207693751	0	0.00522054803123481	0	0.0540166980323396	0.0170450319026228	0.0766618095077133	0	0.392172259890639	0.919814038627619
TCGA-32-1982-01A	0.0166943600719988	0	0.00933679814858416	0.0494964230959013	0	0.179581907451081	0	0.0339322719205033	0	0.0200395163045038	0.0266704275787245	0.000949016391422928	0.114281936002294	0	0.0627579369897864	0.284306703608249	0	0	0	0.0347476794723914	0.091062443329845	0.0761425796347149	0	0.372492156514525	0.928176254028648
TCGA-06-2570-01A	0.0287920441182308	0	0	0.00200750180999094	0	0.116770786914322	0	0.0166772830524399	0	0	0.0350505316343411	0.0153000749627415	0.189633796988119	0.069775231731405	0.0536519311687706	0.334175241880203	0	0	0.00338383854975414	0	0.0365667935514793	0.0982149436382026	0	0.371835833947156	0.932085236303748
TCGA-06-0745-01A	0	0.0189079004436432	0	0.0896570640438751	0	0.118217437088736	0	0.0204252581489802	0.0114677781347357	0	0.0181520620035706	0.032101640826997	0.195189307857681	0.056901927801316	0.0500109253827738	0.250228545841692	0	0	0	0.054762404611763	0.0216354969862018	0.0623422508280351	0	0.349377103259521	0.939581240030067
TCGA-14-1402-02A	0	0.0379613120510395	0.0107097520544243	0	0	0.0885413900054021	0	0.0272118962823644	0	0.136427143825785	0	0.0612530194053509	0.158269850581989	0	0.080044131749748	0.27774088312123	0	0	0	0.0533581007453692	0.0027205835489984	0.0657619366282987	0	0.331598748141433	0.949610567725871
TCGA-14-0781-01B	0.0704431204159972	0	0.00604174917324812	0	0	0.148588037385428	0.00878975041347587	0	0	0.00801087628918937	0.0461242477930434	0	0.234997745988774	0.0526543880938803	0.0270397056217646	0.30304215627508	0	0	0.000830281298486307	0	0.0617054408340868	0.0317325004175461	0	0.333216829648308	0.947437044115983
TCGA-32-5222-01A	0	0.00902280398922335	0	0	0	0.200339251255966	0	0.0189399246601986	0	0	0.0269167666377881	0	0.149416431649838	0.108015723689644	0.0590244697369083	0.244466077896904	0	0	0	0.00794398822585429	0.118935265048847	0.0569792972088285	0	0.37483697934884	0.928263049417969
TCGA-28-5204-01A	0.00654124431101954	0.0305908140780283	0	0.0092416194971426	0	0.190345189051031	0	0.00922387316657878	0	0	0	0.0124089246684027	0.171252028902484	0	0.0982705863320893	0.408417621225032	0	0.0180880585275921	0	0	0	0.0456200402405998	0	0.29293900751393	0.969795640016361
TCGA-06-5410-01A	0.00974102416351087	0.00781611171491874	0	0.0238505764345507	0	0.159583786280097	0	0	0.00613175654200509	0	0.0316660445150608	0.00064109070217616	0.0715484422319225	0.116573636772089	0.0405405296639436	0.38516606497167	0.00299733143054319	0.00472175400199185	0.00648520118165433	0	0.0412089626403914	0.0913276867534751	0	0.545178142068508	0.841677585465923
TCGA-14-1829-01A	0	0.0282887678352072	0.0150516913546254	0.0490429986662912	0	0.147407627465364	0	0.0173182834000239	0	0.013954603684638	0	0.0427333192972695	0.219872594760434	0	0.0402275311527148	0.306550543035428	0	0.00914826550733848	0.00326208473493878	0	0.0707844427925751	0.0363572463131524	0	0.372210082949014	0.928974153169807
TCGA-02-0047-01A	0	0.0312313344381131	0	0.0242668310895075	0	0.105735994860507	0	0.0119845443485799	0	0	0.00797066708916606	0	0.258450729095962	0.12201569198925	0.0290350906763074	0.362488002615947	0	0	0	0	0.0369054518048349	0.00991566199182511	0	0.375442162562549	0.932564862257747
TCGA-15-0742-01A	0.0166909236749274	0	0	0.0188617449973286	0	0.158494851945795	0	0.0435924117498276	0	0	0.0419226974600027	0	0.226443827189225	0.078906945416939	0.0784517605144358	0.296368961864189	0	0	0	0	0	0.0402658751873295	0	0.187939067442373	1.01513742751349
TCGA-19-2619-01A	0.00379435136879755	0	0	0	0	0.143074971914493	0	0.0492544971972136	0	0	0.0633848510872658	0	0.204422951887455	0.0467572880865686	0.0238705046973707	0.266853757386524	0	0.0422682620977412	0	0.0545149567922662	0.0764926062881527	0.0253110011961515	0.02	0.160373666066344	1.01916206779956
TCGA-06-0168-01A	0	0.0217017492008074	0	0.0239021707665787	0	0.17912417027701	0	0	0	0	0.0204970934837553	0.0487227019550164	0.167375796867231	0.0625440987505262	0.0312972605023798	0.346679619857995	0	0.0195508347127657	0	0.0178998404619304	0	0.0607046631640053	0	0.377411714552735	0.927784565933968
TCGA-19-1390-01A	0.022548936072569	0	0	0	0	0.0638343288359527	0	0.0407226695175753	0	0	0.0407608968689368	0.0116917490388277	0.0854896518825878	0.183537992973952	0.0941378328040273	0.387476823346891	0	0	0	0	0	0.0697991186586802	0.01	0.172996786870721	1.03726941535441
TCGA-41-4097-01A	0	0.0216353319454606	0.0016468329802424	0.197168399429015	0	0.100557652297578	0.0178421714905456	0	0	0	0.0457599336375132	0	0.0856698782310176	0.0281531450981588	0.0220434349810671	0.363139469534879	0.0285318747404374	0	0	0.00631166052791526	0	0.0815402151061694	0	0.334330716957354	0.947509275050639
TCGA-06-0649-01B	0.0756425069395215	0	0.010233804044491	0.0286327089527519	0	0.148910094990163	0	0.00520509733133119	0	0.0332684012199334	0	0	0.235264606454597	0.0334812825655062	0.0174728636479437	0.298549786988777	0	0.00996242692575477	0	0.0354515220080131	0.023984984239519	0.0439399136916971	0	0.418135724176902	0.907848594630925
TCGA-27-2526-01A	0	0.031318035054902	0	0.27799444128928	0	0.0474683914227674	0.0204492271439413	0.0195913408363722	0.00865923914898371	0	0	0.0753123279617377	0.0397963931488293	0.000530566672913317	0.0983290511528294	0.256567052170153	0.00882511272804397	0	0.104302917436282	0	0	0.0108559038329642	0	0.316400638141243	0.955552766169029
TCGA-27-2523-01A	0.0303125344081741	0	0	0.0709545525501939	0	0.130713540262042	0	0.0216393503379935	0.0123776766733029	0	0.0126663902759094	0.0293271476422567	0.0837984639204863	0.130684285812699	0.0698715575260399	0.389414823340782	0	0	0.0060516519664154	0	0.00246348785506015	0.00972453742864455	0	0.257503905326397	0.985712412418
TCGA-06-5412-01A	0.00506731351085668	0	0	0	0	0.212887731208764	0.00812925677361253	0	0	0	0	0.050345168277784	0.190820945368257	0.0673737267045677	0.0378148189169825	0.271205846874202	0	0	0	0.0520526187347473	0.0207928968539435	0.0835096767762826	0	0.422500930764231	0.90591403461325
TCGA-19-4065-01A	0	0	0.00338890917349156	0.0525502832379705	0	0.133578378259551	0	0.0192339224907124	0	0	0.0106226430345926	0.0107030571398215	0.196687351072935	0.0897234852692921	0.0638222261032186	0.302714983489549	0.00353813841581826	0	0	0.00728933487778426	0.0781102734510647	0.0280370139841981	0	0.41410162457004	0.910073555047418
TCGA-06-0644-01A	0.00617747778736632	0.022017223333336	0	0.0663839646410361	0	0.167108900978415	0.076271903695693	0	0	0	0	0.0404542178338099	0.0469438234292492	0.110314208139015	0.0477381638367819	0.233998227322123	0.0857522451410423	0	0.0586705151233497	0	0	0.0381691287387827	0	0.434362802588325	0.901154750180395
TCGA-12-0821-01A	0	0.0500920712427318	0	0.000466805981849758	0	0.136894061061069	0	0.0459093596816379	0	0	0.0374991183523838	0	0.0830932377519383	0.183993865738025	0.0732491312121227	0.227475627282833	0	0	0.0711838979033068	0	0.0552584223148329	0.0348844014772693	0	0.292649359547367	0.963555666808411
TCGA-28-1753-01A	0.00506775824203027	0.0225094062248764	0	0.0611049100867858	0	0.0765092292756725	0	0.00427868037675624	0.00195812974510122	0	0	0.0205227733737782	0.0112066089832109	0.201632806186107	0.0562554721418885	0.418356888019373	0.0347265684350627	0	0.0401326568151866	0	0.0355508088769738	0.0101873032171973	0	0.559875861319891	0.831344733595745
TCGA-12-0619-01A	0	0.0264413325402795	0.00194016346063478	0.0408830371980808	0	0.110508732624602	0.0143714856550667	0.0189505236666931	0.00568832277341319	0	0.0342367560756795	0.0210742615704546	0.216418993204047	0.0509215776398353	0.0202277949037343	0.269166631666714	0	0.00982875034107524	0.0435623327179386	0	0	0.115779303961751	0	0.346822763735153	0.942172820114665
TCGA-14-0789-01A	0	0	0	0.00902458901459381	0	0.23956227893906	0	0.00197189314263957	0.00595191771775421	0	0.038149077140947	0	0.215650074159942	0.13524761481613	0.0351995097406215	0.258455334477895	0.00676377902359366	0	0	0	0.0307410171870574	0.0232829146397662	0	0.347211293877167	0.942436728451525
TCGA-32-2634-01A	0	0.0343014598211582	0	0.0199769064761965	0	0.145776531577562	0	0.028096842233592	0	0	0	0.0126196709980064	0.148125359513941	0.169100975336919	0.0381668309545359	0.351599358853168	0	0	0	0.0320661699698368	0	0.020169894265085	0	0.249636953319111	0.99164691834536
TCGA-06-0158-01A	0	0.029047236510838	0	0.00292389636149689	0	0.0997830109716383	0	0.01470135778237	0.000323818210437487	0	0.00610178029268359	0	0.23363634035863	0.0949517527558042	0.0425985950706788	0.358128602827578	0	0	0	0.0405135704110735	0.030770729950505	0.0465193084962664	0	0.362766619010831	0.938438564497249
TCGA-06-0152-02A	0.0151177944207914	0	0	0.053594263782678	0	0.204196403153893	0	0.0414969606090151	0	0	0.0308663842952158	0.0462653470240797	0.0664700171520431	0.0514209930958543	0.166177451691364	0.237279931197462	0.0537721968972887	0	0.0279854271928304	0	0.00535682948748432	0	0	0.488142949368623	0.872742087185632
TCGA-12-0618-01A	0.0393725202093275	0	0	0.000676858380283839	0	0.0766039076434416	0	0.0792731115688513	0	0	0.0363679006705993	0.00457460861542921	0.0952132073419951	0.102835818205681	0.0918004403824457	0.358343552744607	0.0169233599805779	0	0	0	0.0453871130573294	0.0526276011994316	0.02	0.157938596717453	1.02898080724351
TCGA-26-5139-01A	0.0351606100394991	0	0	0.00781711622206922	0	0.173543479799586	0.00382785902327866	0.00299480968537262	0	0	0.0571188478928471	0	0.246825155160829	0.0819162935058984	0.0658665918910229	0.275396141653319	0	0.00317775723765394	0	0.00982231529521384	0.00939189824525735	0.0271411243481529	0	0.292813286384299	0.966603021955692
TCGA-06-0747-01A	0.0157853873615827	0	0	0.0137313497204529	0	0.0809676288046265	0	0.0960204964366901	0	0	0	0.0640934902060005	0.243304340897937	0	0.0542316972901075	0.342552961229916	0	0	0	0.0403435910889584	0.0234435392853114	0.0255255176784174	0	0.179076715262574	1.01839901847591
TCGA-32-2616-01A	0.00733510202421415	0.00627548837235528	0	0.0706607742021422	0	0.216497340169875	0	0.0195551700075452	0	0	0	0.017092499846648	0.0679832729395137	0.0669217545438224	0.050784113346483	0.380352795226768	0	0.0194272082149121	0.00483729061327271	0	0.0191644326690117	0.0531127578234362	0	0.319699881556257	0.954670677978234
TCGA-06-0129-01A	0.0405812961092911	0	0.00339118059395914	0.00655680994661377	0	0.0988542298061544	0	0.06236094748777	0	0	0	0.0259709585153255	0.225242789762758	0	0.0506066379419286	0.400891940288908	0	0	0	0.0145737660836009	0.0709694434636908	0	0	0.322587864355515	0.95399056481134
TCGA-06-0125-01A	0.04966916492053	0	0	0	0	0.111327822015059	0	0.0314959240357313	0	0	0.0623581881533465	0.0140230542747642	0.137745605756987	0.131942419682345	0.0322971404967523	0.363137867599155	0	0	0.00500694419342462	0	0	0.0609958688719056	0	0.190774013223023	1.01669136792362
TCGA-06-0157-01A	0.0134503140978412	0	0.0132322359471401	0	0	0.130728286583635	0	0	0	0	0.0117378938474246	0.0075187033214893	0.0725782465907838	0.0386909393105928	0.0585552801745109	0.537956006184114	0	0	0.0047136024711897	0	0	0.110838491471278	0	0.338046928017851	0.955368141079409
TCGA-28-5220-01A	0	0.00644888943607342	0	0	0	0.168997555559198	0	0.0270711405096404	0	0.0280011677852017	0	0.0351028249809562	0.250782127560868	0	0.0648495171548712	0.283261116061624	0	0.00201071057523656	0.0553073277515281	0	0.0709638761424663	0.00720374648233607	0	0.315313032895623	0.954438309445265
TCGA-12-5295-01A	0.0337247946953441	0	0	0.117344788156942	0	0.215334493828069	0	0.0222096022216911	0	0	0	0.00208154477155878	0.0966003883665493	0.0395985122152256	0.0542602357576745	0.315790035845228	0	0	0.0304923706232222	0	0.061607713299212	0.0109555202192836	0	0.363736472323208	0.932249836689301
TCGA-06-0645-01A	0	0.00302048034163316	0	0	0	0.158846468988307	0.00846434784249849	0.00980837194679941	0	0	0.0126985097198419	0.0065367511562179	0.220306519784753	0.130626361152412	0.065089637694354	0.256479573055535	0	0	0	0.00427701634678215	0.0844459766772361	0.0393999852936285	0	0.453790158025195	0.890595716748705
TCGA-76-4929-01A	0	0.0102707092074403	0	0.0402433047274487	0	0.100512165320567	0	0	0	0	0.00611776351142855	0.0124356400943881	0.219030436764863	0.135894708809689	0.0519351350104682	0.371689214316922	0	0	0	0	0.0120695259192687	0.0398013963175156	0	0.319209207991321	0.962402915856121
TCGA-32-2615-01A	0	0.00532868184972172	0	0.0592004376853909	0	0.197518917171639	0	0.018109903036246	0.0106305016571822	0	0.0100773964436261	0.0263889677369762	0.16129050705953	0.0764970588403189	0.0539246778857011	0.268159408820443	0	0.00519431103380929	0	0.00180927948936974	0.0612565576240085	0.0446133936660374	0	0.307676541379453	0.958409366707989
TCGA-32-1980-01A	0.02173545477331	0.00652309269787644	0	0.0311062024961284	0	0.220452771493506	0	0	0.0306927948804454	0	0	0.0414345795848639	0.118699911120059	0.114339222815246	0.0612805101584893	0.296997880829357	0	0	0	0	0.00738883541142493	0.0493487437392938	0	0.411857370643652	0.910900685989991
TCGA-26-1442-01A	0	0.0344533005422204	0	0.00458709704956449	0	0.04415957398135	0	0	0	0	0.0384298063192172	0	0.331850624719688	0	0.0361848102168626	0.378294319236632	0	0	0.0588665270693811	0	0.0731739408650845	0	0	0.210888958111799	1.01308390434998
TCGA-06-0187-01A	0	0	0	0.0376970775894244	0	0.208216635720098	0	0	0	0	0.0454067449319392	0	0.146232850642062	0	0.0988391312770053	0.336020106703577	0	0	0.0301750001327012	0	0.0310955569525445	0.0663168960506484	0	0.289539286676287	0.967555326251575
TCGA-14-0790-01B	0	0.00584237272663455	0	0.0103364651793743	0	0.11277552503016	0	0.0575705636753913	0	0.0163773465796338	0.0335811475815776	0.00227973350115867	0.108331282624199	0	0.15205892554568	0.471837221154751	0	0	0.0290094164014401	0	0	0	0.02	0.16969223028467	1.03298441885817
TCGA-14-2554-01A	0.00522974040971427	0.0135137353858557	0	0.0667767716517409	0	0.154762746660212	0	0	0	0	0.0237967112498413	0.0119941831442015	0.342666779025363	0	0.0172407797156481	0.239770948256788	0	0.00944183176073257	0	0.0272666714015091	0.0691308237878412	0.0184082775505529	0	0.293156547149083	0.967930416338528
TCGA-28-2510-01A	0	0.00948500975266917	0	0.0160219162023567	0	0.132931605976981	0	0.0323323744534912	0	0	0	0.0385609684962747	0.242021592131564	0.0694849903541543	0.0663619318449717	0.23480114469699	0	0	0	0.0187790832609657	0.0925311606429554	0.0466882221866259	0	0.245168251348501	0.988483085701555
TCGA-06-2565-01A	0	0.012126868058443	0.00788512499011107	0.0233393219878802	0	0.194864851616213	0	0.0182478459295873	0.00669364893751436	0	0	0.0382346930596594	0.0879350240269309	0	0.0760327576370179	0.462864178388204	0.0152227544934906	0	0.0268524044041001	0	0	0.029700526470848	0	0.268623922272597	0.97893950991895
TCGA-06-0156-01A	0.017122118799204	0	0.0135592932455368	0.104923774557868	0	0.174094475792433	0	0.00641791913165149	0	0	0.0524969567612406	0	0.0440066161709739	0.0253385099419185	0.0580091088328928	0.364869803566759	0	0	0	0.0361117742710164	0	0.103049648928506	0	0.378558771440882	0.926459398135207
TCGA-14-1825-01A	0.00112051979949397	0	0.00210986104230188	0.00263101951147926	0	0.110541686735033	0	0.0218105064155553	0.00351808915826031	0	0	0.0560234752733962	0.188918105826091	0.10676752852348	0.0445369061366309	0.386897784727338	0	0	0.0546115327363729	0	0.00926579617940264	0.0112471879351641	0	0.250111438905808	0.990236657453176
TCGA-12-1597-01B	0	0.00128463674926131	0.00273345728390365	0	0	0.190576828325715	0	0.0174500468008488	0	0	0	0.0451054577240322	0.143099466681408	0.0847111942914374	0.0100944696344013	0.395217399508779	0	0	0.0370226788643606	0	0.00774899244050796	0.0649553716953441	0	0.278820989916459	0.976422352311355
TCGA-19-4065-02A	0	0.0289464330685839	0	0.0772774430603196	0	0.121269984320269	0	0.00697163842453506	0	0	0.0259716758048917	0.0192914328242909	0.225460937382618	0.148734187753238	0.0464573962926402	0.281438513178398	0	0	0	0.00723215187326594	0.0109482060169499	0	0	0.295707969527926	0.966784185063205
TCGA-41-3915-01A	0.024164351869477	0	0.000692174068006147	0.125766455725391	0	0.134505594420542	0.00927598545169515	0.00216970906433491	0	0	0	0.00435221239197285	0	0.0694390570356148	0.04195951469981	0.380762602325919	0	0	0.0663402423487678	0	0	0.140572100598469	0	0.426561010152643	0.903847921760502
TCGA-06-2561-01A	0	0.00438287115409689	0	0.0697679900867045	0	0.134528453388351	0	0.0042033458478863	0	0	0	0.0080138072862184	0.216575981095133	0.0497936915554096	0.0177713846080423	0.350329253732107	0	0.0145217640207353	0.0605037864497896	0	0.00176772870505889	0.0678399420704676	0	0.338310913231841	0.947181253342354
TCGA-19-1787-01B	0.00191917469854534	0.00628324225364709	0.00093660758852526	0.0352596148823937	0	0.207519255956307	0.00766959882566376	0.0411710283466429	0.000687908691349789	0	0	0.00361655772064643	0.0209964294037519	0.103650959825144	0.0667607243590894	0.417691135937948	0	0	0.0533479394846033	0	0	0.0324898220257424	0	0.338464116034722	0.947026941605345
TCGA-27-1830-01A	0	0.015621550300703	0.00239015548436935	0.0563508031410321	0	0.114579278435473	0	0.0932515828119086	0	0	0.00686075034800545	0.0228422695981819	0.13326294272197	0.048983754271756	0.0239847681485184	0.238023350254351	0	0.00180789552279692	0	0.104234947924691	0.0679340712037949	0.0698718798324485	0	0.35188984221766	0.937750608646808
TCGA-28-1747-01C	0.0218831323817805	0	0	0.010976600092664	0	0.250105138541205	0	0.0206556140517777	0	0	0	0.0479554028886785	0.257724962499395	0	0.0702660769988869	0.280259057717419	0	0.0163443666498908	0.0116394910228389	0	0.00216924696555282	0.0100209101899111	0	0.31575607871099	0.955494528319631
TCGA-14-1034-02B	0	0.0419706953529821	0	0	0	0.184941321573762	0	0.0231016049899584	0	0.000550977984436113	0.0443233964096674	0	0.266539812091445	0.0530920873040575	0.0562203353047668	0.279125676888793	0	0	0	0	0.017136235435001	0.0329978566651312	0.14	0.117641632942535	1.04320970745211
TCGA-28-2499-01A	0	0.0349333756244219	0	0	0	0.188504245697612	0	0.0383937688922688	0	0.0024769130965108	0	0.0134136257534737	0.193960493248467	0	0.0743022268059763	0.361800193653219	0	0.00252216372817745	0.0190488355063948	0	0.0322609904272923	0.038383167566186	0	0.249911975808264	0.985292219711269
TCGA-06-2567-01A	0	0.0194450056595953	0	0	0.0129997476864826	0.119228580831826	0	0.0114926212237417	0	0	0.107768166446489	0.0477262479862311	0.193792809178601	0	0.0489536584904895	0.300828274384336	0	0	0	0.0257488968290144	0	0.112015991283193	0	0.394346249913405	0.920487116165829
TCGA-06-0686-01A	0	0.035608559501244	0	0.00672608054489305	0	0.0701873123236718	0	0.0487396369267025	0	0	0.0244837265967428	0.0187662215871307	0.149843624549994	0.119746937193097	0.0622513952334215	0.378618336975703	0	0	0	0.0141130619652477	0.0521707087300852	0.0187443978720668	0	0.357461400275397	0.938926313161216
TCGA-27-2528-01A	0.0140178614944293	0	0	0.00638946183055628	0	0.131670340746696	0	0.0390179310144076	0	0	0	0.00861565239917719	0.155118548279713	0.146268884648085	0.0581543261613925	0.382679315030409	0	0	0	0.054474502928649	0	0.0035931754664843	0	0.252755993568653	0.991943288588231
TCGA-06-0184-01A	0	0.00118880585900533	0	0	0	0.128133301777114	0	0.0103973872205976	0	0	0	0.0541815902826461	0.23932449359841	0.0799971532303764	0.0105084231278525	0.343659304465135	0	0.00739441089723789	0.0287407731481957	0	0	0.0964743563934293	0	0.392965609863962	0.923431218832556
TCGA-06-0744-01A	0	0.012783144467946	0.0153354677024131	0.0246386862339404	0	0.132713075577354	0	0.0187918339237439	0	0	0	0.0549835698148333	0.271666221570348	0	0.064745986422348	0.373291864654693	0	0	0	0	0	0.0310501496323799	0	0.248034951515352	0.991552867226122
TCGA-06-0171-02A	0.0217085425927575	0	0	0.0764620083678736	0	0.18506483832464	0.0190969348811831	0	0	0	0.0091625560233456	0	0.0850525212261172	0.0729229831075231	0.0383579643636178	0.299563648614272	0	0.0162762610415156	0	0.0409036756741858	0.00283029110358808	0.132597774679381	0	0.558060317747091	0.837014666835208
TCGA-14-0787-01A	0	0.0488588806286307	0	0.0185216632329789	0	0.1456902481326	0.0091646968776987	0	0	0	0.017700303587119	0.00605364725251068	0.263530479000168	0.044664554397579	0.0532208093876933	0.313401811536467	0	0.00232853068231494	0.0304170387453758	0	0.0345220657673748	0.0119252707714896	0	0.313416133098097	0.956863514239733
TCGA-06-0178-01A	0.0197087231076865	0.0235574995416247	0	0.0749071767178553	0	0.0650868291212629	0	0.026124918319016	0	0	0.0186217813470039	0.011910061772379	0.14732444546068	0.0617199292971434	0.0496559900137167	0.321368477499703	0.033452838989491	0	0	0.0537765072464727	0.0409060227746823	0.0518787987912825	0	0.449556212247288	0.892728154361279
TCGA-06-2557-01A	0.00478517047238929	0.0332586870726387	0	0.0687702975824117	0	0.145285334058444	0.00244874595751174	0	0.00358325495919692	0.0200112293353784	0	0.0665336235362382	0.0271666915339917	0	0.104840216699109	0.40253435740922	0	0	0.0598583468360502	0	0.0196978824199928	0.0412261621274283	0	0.441139407261073	0.896594658322116
TCGA-06-0211-02A	0.00439482075504865	0	0.00679484176400686	0.00399285066143024	0	0.152840455473383	0	0.0383128742007531	0	0	0.049793652516902	0	0.0788759989332928	0.0234207103015612	0.0454944382595335	0.427045522386805	0.00512778255506989	0.0236714712024976	0	0.0408431291987383	0	0.0993914517909773	0	0.435047730812782	0.899746267918028
TCGA-06-0210-02A	0.0324656493896873	0	0	0.073024726958247	0	0.141945825979725	0	0.024688180664503	0	0	0	0.014251791107336	0.179468485368415	0.153772545800282	0.0526043057789697	0.26649411602001	0	0	0.0110375780617493	0	0.035579733383338	0.0146670614877373	0	0.424303595274816	0.905077414031041
TCGA-76-4927-01A	0	0.0164008098123519	0	0	0	0.183671376334637	0	0.000687361693844621	0.00378553761172001	0.0159050425570149	0	0.0194978811187287	0.258993896624166	0.109215661418515	0.0841961461518957	0.216295826233109	0	0	0	0	0.0578481388230429	0.0335023216209748	0	0.328945200657833	0.951358072773856
TCGA-06-5858-01A	0.011656142899486	0.00244458250594685	0	0	0	0.135643883764661	0	0.0320453481413251	0	0	0	0.00396560246324945	0.200820738592097	0.108605402541686	0.0520729331055848	0.321954662175033	0	0	0	0.0277760089186858	0.0665447743000853	0.0364699205921597	0	0.357645643627692	0.938663150392146
TCGA-12-3653-01A	0.0164140921778309	0	0	0.0492968436017905	0	0.249792420175363	0	0.0410329281599914	0	0	0	0.0164649957962024	0.182827262369106	0	0.0802941580154727	0.291531337803792	0	0.000859017399469726	0.02918215247027	0	0.00778313563939028	0.0345216563913216	0	0.246528513699578	0.984998446209953
TCGA-12-3650-01A	0	0	0	0.0465863606388098	0	0.0713818627896555	0	0.0106537650710349	0	0.0165974314105072	0	0.0263223532082532	0.11147045067675	0.0811667029325198	0.0639006591068426	0.487076986169074	0.0014047665593493	0	0.0609668349503478	0	0	0.0224718264868561	0	0.309089144892082	0.96575416382653
TCGA-32-2638-01A	0	0.00736337944491618	0.000839688767104134	0	0	0.249103660228731	0	0	0.0122754765356114	0	0	0.0175852872116546	0.224449838138176	0	0.0997821273363027	0.328363851378418	0	0	0	0.0222434033564015	0	0.0379932876026843	0	0.32529791449213	0.953272226714471
TCGA-12-3652-01A	0	0.0175125167888984	0	0.0375164929959498	0	0.273861334990245	0	0.0469326944419281	0	0.0151286740446999	0	0.0498478320175329	0.0232033564254677	0.0383142601805438	0.0855954912013344	0.399876269004927	0	0	0.00878717340058787	0	0	0.00342390450788525	0	0.188668299789328	1.01641655418256
TCGA-26-5134-01A	0	0.00236690731444029	0	0.0732623811168834	0	0.0503428405418599	0	0.00397408109492003	0.00727611478757215	0	0.00760844914183943	0.00741884394844483	0.146552603323485	0.176267664907403	0.101539472478281	0.385524304993133	0	0	0.0137397023963743	0	0.0241266339553635	0	0	0.295238968611224	0.975728820627123
TCGA-27-2524-01A	0	0.0467449694233096	0	0	0	0.0728284151436149	0.0304134669745531	0.0174976416956655	0	0.0109608733756815	0.033967202789379	0	0.113523135063904	0.28621699470408	0.02727517726503	0.178347064949245	0	0	0	0.119528511397375	0.0262556822660744	0.0364408649520877	0	0.352161189821099	0.943910469349774
TCGA-06-5856-01A	0.0246407473717815	0	0	0.0305472482065893	0	0.0942019291976963	0.0113372685232506	0.00317515655233475	0	0	0.0121357494042073	0.0316857806953572	0.176391917662515	0.066155430301512	0.0742223881029595	0.389071738173261	0	0	0.0495914654932419	0	0.00348782337738992	0.0333553569379031	0	0.296765815666194	0.96679459089835
TCGA-06-1804-01A	0.0303433849319673	0	0	0.0220439383233816	0	0.0891410435588701	0	0	0.0165561504210756	0	0	0.0115861837366492	0.193521741026571	0.0255713604188218	0.16415596778342	0.287428030871022	0	0	0	0	0	0.159652198928221	0	0.280453036492355	0.988743549049648
TCGA-26-5136-01B	0.0214458440590093	0.0354356170156264	0	0.0783245671841674	0	0.185475965836743	0.0244435951811661	0	0.000971029189912121	0	0	0.0255093083839884	0.124098450789524	0	0.0772469874780094	0.400037806277102	0	0	0	0.00607846030943219	0.00785219211362549	0.0130801761816944	0	0.377720066984685	0.92678322097783
TCGA-06-0646-01A	0.00962837651414149	0	0	0.00705959499610851	0	0.0884422110796454	0	0.0390348923033619	0	0	0	0.0411554713857456	0.264052264600573	0.0694235978665542	0.0650852506029081	0.19905431958732	0	0	0	0.0587243032960105	0.124291328420876	0.0340483893467545	0	0.376984321253489	0.928097981877049
TCGA-28-5218-01A	0.0254868350958239	0	0.0152938798953653	0.208492801829256	0	0.151744019272888	0.0508122013429837	0.0177326402654507	0.0149816161043547	0	0	0.000424212172343668	0.139162409809913	0.0568904415409166	0.0624256191292561	0.220138229716329	0	0	0.00992632788586374	0	0	0.0264887659392557	0	0.449268402609152	0.893128857362713
TCGA-02-2483-01A	0.00280176458470733	0	0.00935088476818396	0.0350400072958216	0	0.0868756884082927	0	0.0103517507551256	0	0	0	0.0592013970066984	0.152754479597428	0.134179948950645	0.0488287241122855	0.345290512417038	0	0	0	0.00861948704663566	0.0449034036471395	0.0618019514099988	0	0.39215942329184	0.922486884604544
TCGA-06-2562-01A	0	0.0226712281997115	0	0.0116537737492081	0	0.0455352768676327	0	0	0	0	0.0570310235198219	0.00100400319425786	0.297894652486504	0.163166355898218	0.0209025949629064	0.222305532719359	0	0.0150319586492938	0	0.00137107395240866	0.0818176371340876	0.0596148886665906	0	0.332377227405834	0.955732464602114
TCGA-27-1837-01A	0	0.00938821304300165	0.00010348408391544	0	0	0.140676647193778	0	0	0	0	0.000714573497663909	0.0415787720363213	0.264991997559364	0.00465119128097796	0.152167196548027	0.293791155335217	0	0	0.0648928339630955	0	0.0238115636989092	0.00323237175972892	0	0.301923434992401	0.966424630090963
TCGA-06-2559-01A	0	0.0262957056704182	0	0	0	0.140970763462419	0	0.00971582392196232	0	0	0.0502454677056792	0	0.137168751293394	0.0618243954941812	0.0711741986702975	0.405864139998208	0	0	0	0	0.0657306779134258	0.0310100758700149	0	0.27715708641153	0.976038138259846
TCGA-06-0221-02A	0.0782158860681922	0	0	0.0667008783255305	0	0.0556790226066895	0	0.0250072323972363	0	0	0.0243608418172493	0	0.0254729209436864	0.0496434638015676	0.0948106972671229	0.481479859685641	0	0	0.0275036700492135	0	0	0.0711255270378704	0.02	0.15696765892373	1.03437778821505
TCGA-06-0211-01A	0	0	0	0	0	0.134747561975411	0.00278737154609017	0	0.0375421267967204	0	0.0219644181077731	0.0332962199688516	0.053219836508195	0.20190372140484	0.0129049875364648	0.323949928828344	0	0.0453021642343879	0.0142669906679644	0	0	0.118114672424958	0	0.411965586401253	0.913346819960235
TCGA-06-5416-01A	0	0.0123002687566954	0	0.146585354961011	0	0.0654882670307442	0	0.0321130120246321	0	0	0	0.0252174468779999	0.0643553443753544	0.163776036668543	0.0680299948132958	0.298662695002889	0.0546622797647033	0	0	0.0448117180966541	0.0174448139747405	0.00655276765273754	0	0.210494471042396	1.00495812753683
TCGA-06-0238-01A	0.0299763888207008	0	0.00330174877211516	0.0711474884303818	0	0.139001014377769	0	0.0198239090124161	0	0	0	0.0128343952413424	0.0903391259086679	0	0.0640337676647408	0.388021656808874	0	0	0	0.0394753303086351	0.11839814028485	0.0236470343695065	0	0.468545487519305	0.883714743893569
TCGA-14-1034-01A	0	0.0204027781518224	0	0	0	0.206108140895404	0	0	0	0	0.0240831281423677	0.00384831729580318	0.310687910577326	0.0847829358110027	0.0398586750346427	0.21568650437854	0	0	0.0300847953019972	0	0.0221657594597263	0.0422910549513682	0	0.323031708383115	0.954028126102586
TCGA-19-2629-01A	0	0.0192834334910006	0	0.0376213616920767	0	0.13340956021657	0	0.0052963466180672	0	0	0.0061146030058767	0.0288267295935673	0.192129007590437	0	0.082601503100216	0.39431070316186	0	0	0.0335290194441268	0	0.0621245976125562	0.00475313447364506	0	0.328610758113476	0.950455836423527
TCGA-19-2625-01A	2.99370075885974e-05	0	0	0	0	0.125337977314376	0	0.0915543509210881	0	0	0.0310754053702229	0.0198633696892059	0.328786292212098	0.00853820971303769	0.0948649645706086	0.222999796890037	0	0	0	0.00557537459309826	0.0512369979653473	0.020137323753291	0.01	0.174477368776038	1.02261032116072
TCGA-06-5413-01A	0	0.0805038861666336	0	0.102617087365884	0	0.128824095054574	0.000325029625038834	0	0	0	0.0466476548637669	0.00351212238726672	0.0429102252542	0	0.0399904862271794	0.458866737490897	0	0	0.0125297645044106	0	0	0.0832729110601486	0	0.461667039519066	0.886457864430207
TCGA-12-5299-01A	0.00765699756206575	0	0	0	0	0.195845772484821	0	0	0	0	0.0395639749312373	0	0.252145076517932	0.0740316419301162	0.0723827786292909	0.229106263564721	0	0.0263135590327846	0.000101456025086429	0	0.0591330460234963	0.0437194332984483	0	0.290323503587027	0.968147913138396
TCGA-06-0882-01A	0	0.00992903824874244	0	0	0	0.190517219009022	0	0	0	0	0	0.0192492335281018	0.285232312017386	0.0324252882243357	0.0560255752553256	0.277073544168879	0	0	0	0	0.103471130921504	0.0260766586267026	0	0.366068107165798	0.934049324472489
TCGA-06-0130-01A	0.0201432070806931	0	0	0.14370538202896	0	0.03077084243928	0.0013230353528151	0.0268074176190729	0.00359162777106566	0.0665417286620117	0	0.0821260956104875	0.0652197936521152	0.041025617673523	0.0976527029273036	0.387765702397664	0.000296238873482475	0	0	0	0	0.0330306079115254	0	0.555739342208965	0.83493635245009
TCGA-76-4925-01A	0.00396577489582369	0	0	0	0	0.0903969036902462	0	0.0130454691903569	0.000543660590924821	0	0.0181146463830848	0	0.185793364027075	0.136695021994559	0.0613133302397821	0.340855294370167	0	0	0	0.0492476732260879	0.0369756183223263	0.0630532430695668	0	0.232215458412499	1.00460972072433
TCGA-06-5418-01A	0	0.0258630075709504	0	0	0	0.102094375596762	0	0.0474996629060619	0	0	0.000564828237691634	0.0310758099990942	0.245385419401011	0.166378673177735	0.0544693973687948	0.235031599732865	0	0	0	0	0.0287497492079503	0.0628874768010844	0	0.348147264610171	0.9446193026061
TCGA-06-0190-01A	0	0.00288034419405379	0	0	0	0.202830785536237	0	0.0602380495391842	0	0.023905524496371	0	0.00657705885965237	0.0925009448216378	0.121481798762034	0.0349618633053433	0.260647316959991	0.00271373392035962	0	0	0.0626091062995017	0	0.128653473305634	0	0.426450684230154	0.904119976390642
TCGA-27-1835-01A	0	0	0.00207675705483082	0.0480398434108691	0	0.212226797624589	0	0.034312322185939	0.0064447567954861	0	0	0.0980510545962308	0	0.0500484576752363	0.105256553102512	0.380057080165629	0	0	0.0496333978539199	0	0	0.0138529795347585	0.0600000000000001	0.138442829852763	1.03896531020134
TCGA-28-5216-01A	0	0	0	0.0749534273221495	0	0.0583293402089535	0	0.0360160647478427	0	0	0	0.0289181152533349	0.256222836406517	0.105215746450447	0.0849793857025366	0.230302584569017	0	0	0	0.00655126229266054	0.106817155261475	0.011694081785066	0	0.300327778164254	0.964860535504697
TCGA-06-5411-01A	0	0.0192051198664819	0	0.142207070621663	0	0.0343189547215533	0	0.00406338306370039	0	0	0.00492024181134082	0	0.255469727399097	0.0480225425355306	0.0415133856227744	0.300096913652852	0	0	0	0	0.0968714958019052	0.0533111649031023	0	0.311743503566933	0.960703481474348
TCGA-27-2519-01A	0.0402280147741205	0	0.00778676332938448	0.066641778515085	0	0.168137228669364	0	0	0.00102289606232	0	0.0147380786548865	0	0.19039308061705	0.0565720644840936	0.0792920999430454	0.317628144756096	0	0	0.00460197066483841	0	0.0147103407459914	0.0382475387837242	0	0.402593898740228	0.915253278463557
TCGA-28-5213-01A	0	0.0193639252449617	0.00363776415580548	0.0837018555754761	0	0.155830684141538	0.04456648516141	0	0	0	0.0378143407274713	0	0.149985541967719	0.0628868552168504	0.0265078966223281	0.240223721876954	0	0.00067752043088074	0	0.0273022111220519	0.0393152275710329	0.108185970185521	0	0.438668621490031	0.897987808276746
TCGA-28-5209-01A	0	0.0067610885453458	0	0	0	0.206738614728615	0	0.000995821598268389	0.00190303005070194	0	0.0146775089692768	0.0291364156059353	0.0697168816888064	0.151630914606297	0.0706233406635747	0.406137813428277	0	0	0.0209505830490723	0	0	0.0207279870658283	0	0.263936233097906	0.98595380817361
TCGA-76-4926-01B	0	0.0791706119058742	0	0	0	0.182952257199476	0	0.0122844252365812	0	0	0.0107808275613988	0	0.258652852271838	0.0305951135175966	0.0570704897454861	0.274858900286502	0	0	0.0348269054590159	0	0.0497209793230129	0.00908663749321795	0	0.237148236656374	0.987965055658377
TCGA-06-0219-01A	0	0.0236541606124375	0	0.0254404665090656	0	0.104921349731681	0	0.0059352624359734	0	0.00136847969784538	0	0.0338001919007104	0.204387412655185	0.0768177113003503	0.0751154470985627	0.29951060372039	0	0	0	0.0295743379534174	0.0710778575642311	0.0483967188201502	0	0.39247233867797	0.920911675199321
TCGA-02-2486-01A	0.0571079890245107	0	0.00200016776318266	0.119751414876763	0	0.108088219279677	0.0044945493639325	0.0353330140784963	0.003480453377467	0.00809614020864484	0	0	0.16841767584263	0.072053489245293	0.080012661187467	0.223407969929402	0	0	0.015886633179936	0	0.057762333285053	0.0441072893575438	0	0.395466449100516	0.91784480956519
TCGA-06-0190-02A	0	0.0117020101561372	0.00395697189225787	0.0670030496637706	0	0.17789654026161	0.000392125931701013	0	0	0	0	0.0293823248979875	0.026687640532402	0.0931764141933221	0.0436177389107341	0.355075011479746	0	0.00374949542979984	0.0985456709323498	0	0	0.0888150057181822	0	0.460331920706694	0.887560455296022
TCGA-06-0750-01A	0	0	0.0018979689856196	0.0470043683700053	0	0.155652164157085	0	0.00829783992079393	0	0	0.0344925479301618	0.0112107991340109	0.18723085033647	0.063291336983909	0.0972264357282836	0.266909055636051	0	0	0	0.0382892424464901	0.0104207608146375	0.0780766295564831	0	0.390743855546301	0.921469992728098
TCGA-15-1444-01A	0	0	0	0	0	0.149644292132794	0	0.0290595144176897	0	0	0	0.0241440065440192	0.220618469972558	0	0.0456037710471311	0.335473689121453	0	0	0	0.0494564946182579	0.10350969123566	0.0424900709104379	0	0.326387201371319	0.952220001143142
TCGA-27-1832-01A	0	0.0401520425370214	0	0.0208877979127424	0	0.178574039762626	0	0	0	0	0.00256476736043479	0.0100147029692225	0.314035038762107	0	0.0678435272591055	0.287562289764481	0	0	0.055752053820905	0	0	0.0226137398513546	0	0.347143908631647	0.9421585327092
TCGA-19-0957-02A	0.036582462436004	0	0.000591046536201632	0.0754162719798171	0	0.115828815317335	0	0	0	0	0	0.0312193334135961	0.22029349455306	0.053312160399998	0.0636343450091805	0.377615707589462	0	0	0	0.00402030639481587	0	0.021486056370529	0	0.300843212137779	0.965671764076101
TCGA-06-0174-01A	0.0435381814759337	0	0	0	0	0.0576490558934527	0	0.00599919659725414	0.00799113199141403	0	0	0.0123721136733997	0.101462885308589	0.22259414509018	0.020378607376518	0.395139839732955	0	0	0.0315182943440625	0	0	0.101356548516241	0	0.304082063847114	0.977666012285818
TCGA-12-0616-01A	0.0431946736644195	0	0.00848388063045316	0.204960645105306	0	0.10365760778635	0	0.0598185651099284	0	0	0	0.0218350426498365	0.152256650752466	0.00376538720606425	0.0698825717718723	0.232813598052745	0	0.00596558205974484	0.0275269657683755	0	0.04864613620222	0.0171926932402193	0	0.291926562759927	0.963151433822638
TCGA-27-1834-01A	0.0190140796596374	0.00280715167119858	0	0.0161630029440533	0	0.215601258352249	0	0.0217520709693694	0	0	0	0.0473229209554836	0.195260905732775	0	0.0724979609175222	0.360245115585224	0	0.0116073536262248	0.0208728374489059	0	0.0155739661554798	0.00128137598187805	0	0.336437421826192	0.945854974095115
TCGA-32-1970-01A	0.00739083645344554	0	0	0	0	0.163177946643471	0	0.069267807611658	0	0	0	0.0439750080162324	0.146975327255512	0	0.0782305422488137	0.374233639683688	0	0	0.0673000790241491	0	0.0189793856184591	0.0304694274445717	0	0.190422715383536	1.00861047830776
TCGA-14-0736-02A	0	0.0514049017347152	0.129517095319919	0.0277724354636254	0	0.253041401947746	0	0.00958950813122817	0	0.00824356336986878	0	0.0246743097397584	0.0855778323728247	0	0.0726366326470589	0.300126567533398	0	0	0.0139529911715313	0	0	0.0234627605683268	0	0.413249426810511	0.909870937749939
TCGA-28-5215-01A	0.0364183484310682	0	0.00154187415726103	0.0710846156852089	0	0.106429188763199	0	0.0115841716767127	0	0	0.0244311109694123	0.00961483754781913	0.237619341836625	0.0480332739964556	0.0602756294554396	0.301485395358391	0	0	0	0.0456359957580053	0.0215458660325673	0.0243003503318344	0	0.357157318214431	0.936582767153293
TCGA-06-0132-01A	0.036171341954204	0	0	0.0976679206489422	0	0.138693310609253	0	0.0139040884464289	0	0	0.0209324953820469	0.00873324062035267	0.157185753972441	0.0825231372161578	0.0565139295671629	0.301827809002275	0	0	0	0.0258990977302391	0.0259213176645216	0.0340265571859742	0	0.437276696655773	0.898652834509069
TCGA-06-5408-01A	0	0.0798750888994109	0	0	0	0.177539253655288	0	0.000442634674582697	0	0	0.0430333550694191	0.0156926367546849	0.146864766299723	0	0.0202151273414681	0.410931116026419	0	0.0336628323024936	0	0	0	0.07174318897651	0	0.209853057336742	1.00368643610073
TCGA-28-5208-01A	0.0383186270904965	0	0	0.0607673605183134	0	0.127699103579734	0	0.0377024230562537	0	0	0	0.0461299888354777	0.262645589360193	0.0149190533452261	0.05373967099138	0.270305237304089	0	0.00038677608153906	0.0302968837506111	0	0.0487048680802075	0.00838441800647885	0	0.297909695690302	0.961875667975687
TCGA-06-0211-01B	0.0124795116643744	0	0	0	0	0.103004992953284	0	0.01936443362757	0	0	0.0259386052172406	0.051230857809664	0.16648687570422	0.142407396707712	0.0561286135225137	0.338470634507639	0	0	0.0447064608066621	0	0	0.0397816174791203	0	0.299182605718647	0.966902248626588
TCGA-28-2509-01A	0	0.00615425966259831	0.00434305015869321	0	0	0.115328104187746	0	0.0143704014103893	0	0	0.00689794519777335	0.0546405271808564	0.151688343915712	0.0136121570487484	0	0.389415175246883	0	0.000841165318599412	0.193189475431399	0	0.0189289899396076	0.0305904053009938	0	0.258778129075976	0.981758558251965
TCGA-19-5960-01A	0.00187946452113813	0	0.0048792316570317	0.0277575172774389	0	0.175322054542748	0	0.106759555422864	0	0.00716566157478243	0	0.0353919050826728	0.138477085345635	0	0.0727246406107158	0.366734719707701	0	0	0	0.0269856813734826	0.0359224828837894	0	0.12	0.124599593630633	1.03764434225993
TCGA-41-5651-01A	0.0110894552802167	0.0260005846582818	0	0.0745897805386674	0	0.0758477495030606	0	0.0560009705222881	0	0	0.056756710361912	0	0.0504972425708687	0.136157271677539	0.0693614408883979	0.377990539292683	0	0	0	0.0202193978838394	0	0.0454888568222448	0.01	0.175620047332127	1.02204664939301
TCGA-27-2521-01A	0.00929533522056641	0	0	0	0	0.11245602077238	0	0	0.0151678765358217	0	0.00534193064743601	0.00364986203829106	0.185708468808945	0.0347141418594083	0.0244160611132469	0.459305419526216	0.00508569345658152	0	0.110913801406885	0	0	0.0339453886142223	0	0.23883216124004	0.997632482502673
TCGA-28-2513-01A	0.00673411631119194	0.0360674392021242	0	0	0	0.195321754180046	0.0156638028449588	0	0	0	0	0.0473345703529666	0.110377168468366	0.0518031096657401	0.122661490139452	0.293334427291416	0	0	0.0784701612621401	0	0	0.0422319602815977	0	0.403635024729194	0.914297295106691
TCGA-06-0743-01A	0.0355242653164875	0	0	0.133641755782573	0	0.0779811048187953	0	0.0422921942089275	0	0	0.00560822063677035	0.0317367649931505	0.210850998541451	0.0427826394230867	0.0716024670457346	0.307897352064213	0	0	0.0195406046289964	0	0.00477376234215143	0.0157678701976623	0	0.313661563958283	0.955843218537776
TCGA-76-4932-01A	0	0.0169861309093025	0	0.00866462797494321	0	0.131364822854096	0	0	0	0	0.0498793974581641	0	0.278721460471495	0	0.0350936377396933	0.387524882586529	0	0.0316077291950492	0	0	0.041252646875912	0.0189046639348156	0	0.228963419406996	1.00062507025995
TCGA-08-0386-01A	0.0540430323158078	0	0	0	0	0.0977929886733356	0	0.0694389258469534	0	0	0.0411712311199123	0	0.204755015531297	0.00119209379157215	0	0.38984145134285	0	0.0148789010428318	0.0110935733127054	0.0189691467223332	0.0320468731062162	0.0647767671941857	0	0.180535281097799	1.01809708040395
TCGA-06-0749-01A	0	0.0195835500399294	0	0.0179043784446283	0	0.0869767326511505	0	0.0607028357087571	0	0	0	0.0303475280021552	0.181694158737516	0.146082201665917	0.0396779325468899	0.311290683519271	0	0	0	0	0.100164161721796	0.00557583696199017	0	0.351573148961643	0.941069446171241
TCGA-27-1831-01A	0	0.0068341615215553	0.00146101735373159	0.128275342077872	0	0.06766970316708	0	0.0210430926755654	0	0.074928294152915	0	0.0331738023096566	0.175699769629165	0	0.0642279347508123	0.296782738191314	0	0	0	0.000142602009449387	0.11930798402264	0.0104535581382433	0	0.347453920921206	0.940868147798768
TCGA-06-0139-01A	0.0128434098602087	0.000143236233801845	0.00138698125179678	0.00129587501760384	0	0.0539406104917294	0	0.0309061589288265	0	0.0707788519158078	0	0.0385977274314399	0.0334654237820813	0.187969425715311	0.0556870975913908	0.379988787578946	0	0	0	0.00778799829759709	0.0133787371266277	0.111829678776831	0	0.574930575396647	0.820650967235004
TCGA-19-1389-02A	0	0.00126955143584238	0	0.0192650035558608	0	0.134399662134952	0	0.00369317885339073	0	0	0.0111704096725032	0	0.19498978155236	0.123849037935073	0.0631483845097544	0.338645772785217	0	0.00422850620060228	0	0.029866504024283	0.000939792837998504	0.074534414502162	0	0.384987956336396	0.927332275663156
